3.197438840866088938e+01
2.723304195404052663e+01
2.403476662635803152e+01
2.203083224296569753e+01
2.057925701141357422e+01
1.963741240501403951e+01
1.893460879325866841e+01
1.823160514831543111e+01
1.828796968460083150e+01
1.750576207637787007e+01
1.757282309532165598e+01
1.719415037631988596e+01
1.691735222339629985e+01
1.741885974407195903e+01
1.669741585254669047e+01
1.674111385345458913e+01
1.635825462341308523e+01
1.611355383396148611e+01
1.665516762733459544e+01
1.590632500648498571e+01
1.608158786296844411e+01
1.574285433292388880e+01
1.557021405696868932e+01
1.608820009231567383e+01
1.534680547714233434e+01
1.561873183250427211e+01
1.537583575248718226e+01
1.517217013835906947e+01
1.573122384548187291e+01
1.500323011875152623e+01
1.531080825328826833e+01
1.504998509883880686e+01
1.489800152778625453e+01
1.552365171909332275e+01
1.472930171489715612e+01
1.506170043945312464e+01
1.474807705879211461e+01
1.464346120357513392e+01
1.535730388164520299e+01
1.455252587795257568e+01
1.476641550064086950e+01
1.448797805309295583e+01
1.436432874202728271e+01
1.512171955108642507e+01
1.428692400455474854e+01
1.458266930580139231e+01
1.432257201671600377e+01
1.419986763000488317e+01
1.491424751281738281e+01
1.412051644325256383e+01
