5.725490196078431016e-01
5.686274509803921351e-01
5.647058823529411686e-01
5.607843137254902022e-01
5.568627450980392357e-01
5.568627450980392357e-01
5.568627450980392357e-01
5.568627450980392357e-01
5.529411764705882693e-01
5.529411764705882693e-01
5.529411764705882693e-01
5.490196078431373028e-01
5.490196078431373028e-01
5.490196078431373028e-01
5.450980392156862253e-01
5.450980392156862253e-01
5.450980392156862253e-01
5.450980392156862253e-01
5.450980392156862253e-01
5.411764705882352589e-01
5.411764705882352589e-01
5.411764705882352589e-01
5.372549019607842924e-01
5.372549019607842924e-01
5.372549019607842924e-01
5.372549019607842924e-01
5.372549019607842924e-01
5.372549019607842924e-01
5.372549019607842924e-01
5.372549019607842924e-01
5.372549019607842924e-01
5.372549019607842924e-01
5.333333333333333259e-01
5.333333333333333259e-01
5.333333333333333259e-01
5.294117647058823595e-01
5.294117647058823595e-01
5.294117647058823595e-01
5.254901960784313930e-01
5.254901960784313930e-01
5.254901960784313930e-01
5.254901960784313930e-01
5.254901960784313930e-01
5.215686274509804266e-01
5.215686274509804266e-01
5.176470588235294601e-01
5.176470588235294601e-01
5.176470588235294601e-01
5.176470588235294601e-01
5.176470588235294601e-01
5.176470588235294601e-01
5.176470588235294601e-01
5.176470588235294601e-01
5.176470588235294601e-01
5.176470588235294601e-01
5.176470588235294601e-01
5.254901960784313930e-01
5.254901960784313930e-01
5.254901960784313930e-01
5.254901960784313930e-01
5.254901960784313930e-01
5.254901960784313930e-01
5.254901960784313930e-01
5.254901960784313930e-01
5.137254901960783826e-01
5.137254901960783826e-01
5.137254901960783826e-01
5.137254901960783826e-01
5.137254901960783826e-01
5.137254901960783826e-01
5.137254901960783826e-01
5.137254901960783826e-01
5.137254901960783826e-01
5.137254901960783826e-01
5.137254901960783826e-01
5.137254901960783826e-01
5.137254901960783826e-01
5.137254901960783826e-01
5.137254901960783826e-01
5.137254901960783826e-01
5.137254901960783826e-01
5.137254901960783826e-01
5.137254901960783826e-01
5.137254901960783826e-01
5.137254901960783826e-01
5.137254901960783826e-01
5.137254901960783826e-01
5.137254901960783826e-01
5.098039215686274161e-01
5.098039215686274161e-01
5.098039215686274161e-01
5.098039215686274161e-01
5.098039215686274161e-01
5.098039215686274161e-01
5.098039215686274161e-01
5.098039215686274161e-01
5.098039215686274161e-01
5.098039215686274161e-01
5.098039215686274161e-01
5.098039215686274161e-01
5.098039215686274161e-01
5.098039215686274161e-01
5.098039215686274161e-01
5.098039215686274161e-01
5.058823529411764497e-01
5.058823529411764497e-01
5.058823529411764497e-01
5.058823529411764497e-01
5.058823529411764497e-01
5.058823529411764497e-01
5.058823529411764497e-01
5.058823529411764497e-01
5.137254901960783826e-01
5.137254901960783826e-01
5.137254901960783826e-01
5.137254901960783826e-01
5.137254901960783826e-01
5.137254901960783826e-01
5.137254901960783826e-01
5.137254901960783826e-01
5.098039215686274161e-01
5.098039215686274161e-01
5.098039215686274161e-01
5.098039215686274161e-01
5.098039215686274161e-01
5.098039215686274161e-01
5.098039215686274161e-01
5.098039215686274161e-01
5.058823529411764497e-01
5.058823529411764497e-01
5.058823529411764497e-01
5.058823529411764497e-01
5.058823529411764497e-01
5.058823529411764497e-01
5.058823529411764497e-01
5.058823529411764497e-01
5.058823529411764497e-01
5.058823529411764497e-01
5.058823529411764497e-01
5.058823529411764497e-01
5.058823529411764497e-01
5.058823529411764497e-01
5.058823529411764497e-01
5.058823529411764497e-01
5.019607843137254832e-01
5.019607843137254832e-01
5.019607843137254832e-01
5.019607843137254832e-01
5.019607843137254832e-01
5.019607843137254832e-01
5.019607843137254832e-01
5.019607843137254832e-01
5.019607843137254832e-01
5.019607843137254832e-01
5.019607843137254832e-01
5.019607843137254832e-01
5.019607843137254832e-01
5.019607843137254832e-01
5.019607843137254832e-01
5.019607843137254832e-01
5.019607843137254832e-01
5.019607843137254832e-01
5.019607843137254832e-01
5.019607843137254832e-01
5.019607843137254832e-01
5.019607843137254832e-01
5.019607843137254832e-01
5.019607843137254832e-01
5.058823529411764497e-01
5.058823529411764497e-01
5.058823529411764497e-01
5.058823529411764497e-01
5.058823529411764497e-01
5.058823529411764497e-01
5.058823529411764497e-01
5.058823529411764497e-01
5.019607843137254832e-01
5.019607843137254832e-01
5.019607843137254832e-01
5.019607843137254832e-01
5.019607843137254832e-01
5.019607843137254832e-01
5.019607843137254832e-01
5.019607843137254832e-01
4.980392156862745168e-01
4.980392156862745168e-01
4.980392156862745168e-01
5.019607843137254832e-01
5.019607843137254832e-01
5.058823529411764497e-01
5.058823529411764497e-01
5.058823529411764497e-01
5.058823529411764497e-01
5.058823529411764497e-01
5.058823529411764497e-01
5.058823529411764497e-01
5.058823529411764497e-01
5.058823529411764497e-01
5.058823529411764497e-01
5.058823529411764497e-01
5.098039215686274161e-01
5.098039215686274161e-01
5.098039215686274161e-01
5.098039215686274161e-01
5.098039215686274161e-01
5.098039215686274161e-01
5.098039215686274161e-01
5.098039215686274161e-01
5.137254901960783826e-01
5.137254901960783826e-01
5.137254901960783826e-01
5.176470588235294601e-01
5.176470588235294601e-01
5.215686274509804266e-01
5.215686274509804266e-01
5.215686274509804266e-01
5.176470588235294601e-01
5.176470588235294601e-01
5.215686274509804266e-01
5.254901960784313930e-01
5.254901960784313930e-01
5.294117647058823595e-01
5.333333333333333259e-01
5.333333333333333259e-01
